1 0.11 1.300643 11.05 9344.68003685 1293.02865312
2 0.16 1.833146 9.57 5164.64729817 743.455533435
6 0.1 2.675943 13.06 4839.95181816 590.015186662
6 0.11 2.675943 12.61 4541.98729241 570.539547389
3 0.09 2.386065 13.53 5822.91693614 548.790336238
8 0.12 3.160855 12.29 3628.48838775 506.756109444
7 0.17 2.965423 10.44 3066.18708624 426.901764171
21 0.13 3.716366 12.1 2925.74939935 413.201072059
12 0.11 3.454231 13.03 3518.61204483 408.139997508
11 0.16 3.354128 11.16 2822.65759652 399.341056718
16 0.16 3.573087 11.06 2649.68532078 371.656131009
28 0.16 4.031282 11.41 2348.52231634 334.797573051
29 0.17 4.090983 11.18 2222.5810194 318.447514706
20 0.11 3.676335 13.09 3306.0368301 317.184599647
34 0.14 4.448398 12.31 2326.45982301 308.766479758
12 0.11 3.454231 13.27 3518.61204483 302.685066295
15 0.26 3.523235 9.69 1944.13911876 276.905270251
33 0.12 4.387889 13.24 2613.81453225 262.404068777
22 0.26 3.75615 9.85 1823.58509526 262.113365082
37 0.11 4.541326 13.46 2676.33289213 255.277554632
4 0.46 2.542911 7.47 1841.39990854 255.127147593
49 0.18 4.983802 11.24 1756.20591038 252.466619914
56 0.15 5.321413 12.22 1857.36292143 247.385802116
33 0.12 4.387889 13.25 2613.81453225 239.108040324
28 0.28 4.031282 9.78 1617.22082656 231.408521069
55 0.19 5.241914 11.31 1610.61702743 229.940110346
51 0.2 5.04821 10.95 1616.1952596 228.407973018
15 0.35 3.523235 8.9 1594.64570704 225.969387132
37 0.1 4.541326 14.01 2851.90631619 224.126357663
72 0.16 5.911213 12.23 1601.62670424 223.179510542
30 0.26 4.266575 10.1 1605.42341069 222.644465276
109 0.17 5.885815 12.07 1544.82292258 218.208439546
60 0.2 5.539552 11.04 1472.84349671 211.607500871
64 0.19 5.713306 11.5 1477.72866966 210.76400912
68 0.18 5.830903 11.57 1501.06809683 210.12921932
74 0.18 5.940005 11.6 1473.49745832 207.436444185
88 0.16 6.254691 12.21 1513.67309496 206.935616053
84 0.17 6.119576 12.05 1485.8123236 206.151592684
40 0.27 4.662656 10.18 1432.54624103 202.654511346
79 0.19 6.014675 11.5 1403.68604592 199.601407793
110 0.18 6.181615 11.75 1415.90545787 195.888603015
78 0.2 5.981218 11.19 1364.08544325 194.554871341
58 0.24 5.340168 10.79 1352.97196705 194.249677307
95 0.18 6.453278 11.8 1356.30036318 190.161591318
41 0.11 4.694835 13.77 2588.82336977 188.518952264
107 0.15 6.835269 12.82 1445.99933698 187.114311749
103 0.17 6.772314 12.14 1342.60478369 186.998605191
84 0.16 6.119576 12.45 1547.09357298 186.859812072
87 0.2 6.219679 11.32 1311.78693442 185.8874426
25 0.39 3.911291 8.85 1336.45592429 185.541857921
103 0.18 6.772314 11.94 1292.4065025 183.276859935
50 0.28 5.045154 10.22 1292.22502633 182.479611395
10 0.53 3.277828 7.34 1299.81366492 180.406143969
16 0.49 3.573087 8.08 1256.44524815 179.453858289
29 0.1 4.090983 14.26 3165.84913682 178.429548306
14 0.5 3.50668 10.7 1263.11174416 177.975341619
18 0.09 3.625815 14.9 3831.92672629 176.067769184
103 0.17 6.772314 12.28 1342.60478369 174.198745383
42 0.11 4.768717 13.92 2548.71483869 173.650999113
38 0.36 4.543182 9.36 1213.63859871 172.548961847
12 0.08 3.454231 15.07 4350.84071315 171.462946362
110 0.15 6.181615 12.75 1598.90165921 171.395717327
108 0.19 6.953619 11.79 1214.14706041 169.444716342
69 0.26 5.844535 10.76 1171.97689892 168.728701158
105 0.2 6.795786 11.65 1200.58121284 167.376982728
91 0.15 6.378364 12.75 1549.58151778 167.264422907
97 0.15 6.533812 12.74 1512.71495916 162.937247894
35 0.39 4.535764 9.17 1152.45604736 161.243890187
13 0.63 3.495525 6.03 1086.20485065 154.903112179
108 0.16 6.953619 12.65 1361.52944575 151.123938179
43 0.1 4.862157 14.44 2663.72194391 150.762804608
45 0.39 4.887585 9.28 1069.49928466 150.500217527
24 0.08 3.854901 15.14 3898.62379758 150.366503631
32 0.48 4.341785 8.53 1048.30767968 150.006288112
5 1.0 2.63144 8.44 1060.37072073 147.61802881
102 0.26 6.710958 11.05 1020.66790011 145.828463289
108 0.25 6.953619 11.22 1011.14557952 145.031452644
61 0.34 5.614507 10.02 1020.20386856 144.404505406
26 0.6 3.945707 6.67 994.089759663 143.389256683
95 0.27 6.453278 10.87 1035.05089527 143.212295204
110 0.3 6.181615 10.49 1007.24492858 142.317088304
102 0.26 6.710958 11.05 1020.66790011 141.730413464
54 0.11 5.230125 14.06 2323.86398263 140.591336994
74 0.11 5.940005 14.02 2046.14279015 137.424055227
89 0.3 6.337135 10.57 982.526115656 136.492631736
39 0.5 4.627059 11.5 957.266578348 136.328046079
88 0.33 6.254691 10.27 934.191948823 134.342049023
43 0.48 4.862157 8.77 936.112541158 133.368369748
71 0.36 5.860977 9.96 940.761517933 130.689562125
46 0.5 4.949759 8.66 894.857333072 127.767363576
92 0.33 6.397134 10.35 913.390576932 127.595150263
49 0.5 4.983802 9.52 888.744859085 126.954560736
31 0.5 4.297378 12.4 1030.70485277 126.67879591
95 0.33 6.453278 10.37 905.443985424 126.251792077
98 0.12 6.540222 13.8 1753.62984634 121.811356404
92 0.39 6.397134 9.93 817.126726191 116.328112549
96 0.37 6.529972 10.1 829.097171978 115.122531564
60 0.5 5.539552 12.43 799.582466793 111.459651925
59 0.53 5.413598 8.46 787.011866345 110.69580195
95 0.42 6.453278 9.72 770.970962312 110.324134415
101 0.39 6.697026 10.02 780.535841574 110.015255081
73 0.46 5.934013 9.31 789.097806961 109.904730154
44 0.64 4.865469 6.59 772.217868544 109.636421735
70 0.5 5.849321 9.1 757.23808178 106.239935666
77 0.51 5.951672 8.98 734.455470632 102.989695566
54 0.1 5.230125 14.92 2476.31465783 102.021127607
63 0.57 5.682141 7.95 714.314327643 101.538173019
71 0.55 5.860977 8.3 709.206572446 99.2161947681
67 0.56 5.754733 8.14 713.675394075 98.8754464568
94 0.1 6.410256 14.76 2020.42409321 98.3171770916
36 0.08 4.539264 15.73 3310.847009 96.4962441529
75 0.6 5.944243 7.21 659.863163937 94.5317772989
82 0.6 6.107616 7.7 642.212422465 91.5249119524
82 0.6 6.107616 7.64 642.212422465 91.378917614
86 0.58 6.197706 7.95 647.343683105 89.5948405253
106 0.55 6.832001 8.65 608.40795926 84.6090854677
104 0.67 6.776445 6.94 537.773605219 76.1591066204
37 0.07 4.541326 16.75 3617.45575819 72.6065697417
23 0.07 3.853564 17.39 4263.07797117 63.4939131616
90 0.09 6.374705 16.1 2179.52989685 61.1017255976
27 0.07 4.023659 17.39 4082.86230511 55.814185959
81 0.5 6.071645 14.22 729.510482389 45.762322446
95 0.08 6.453278 16.78 2328.86451437 40.2467249941
93 0.5 6.408202 14.47 691.196786744 40.1498260157
100 0.08 6.557807 17.05 2291.74335181 37.8906652591
70 0.07 5.849321 17.45 2808.53876667 35.1378785918
62 0.07 5.665722 18.27 2899.55014224 33.7877183539
47 0.07 4.965243 18.69 3308.60849092 23.8970033565
