1 0.76885 11.05 0.11 
2 0.54551 9.57 0.16
3 0.41910 13.53 0.09
4 0.39325 7.47 0.46
5 0.38002 -1.43 1.99
5 0.38002 8.44 1.00
6 0.37370 12.61 0.11
6 0.37370 13.06 0.10
7 0.33722 10.44 0.17
8 0.31637 12.29 0.12
9 0.31122 3.73 0.85
10 0.30508 7.34 0.53
11 0.29814 11.16 0.16
12 0.28950 13.03 0.11
12 0.28950 13.27 0.11
12 0.28950 15.07 0.08
13 0.28608 5.20 0.70
13 0.28608 6.03 0.63                                                                                                                            
14 0.28517 0.37 1.57
14 0.28517 10.70 0.5                                                                                                                               
15 0.28383 8.90 0.35                     
15 0.28383 9.69 0.26        
16 0.27987 8.08 0.49
16 0.27987 11.06 0.16                                                      
17 0.27607 4.68 0.77 
18 0.27580 14.90 0.09
19 0.27397 3.49 0.92
20 0.27201 13.09 0.11
21 0.26908 12.10 0.13 
22 0.26623 9.85 0.26
23 0.25950 17.40 0.07
24 0.25941 15.14 0.08 
25 0.25567 8.85 0.39
26 0.25344 6.67 0.60 
27 0.24853 17.39 0.07
28 0.24806 9.79 0.28
28 0.24806 11.41 0.16
29 0.24444 11.18 0.17
29 0.24444 14.26 0.10
30 0.23438 10.10 0.26
31 0.23270 12.40 0.5
32 0.23032 8.54 0.48                        
33 0.22790 13.25 0.12
33 0.22790 13.24 0.12
34 0.22480 12.31 0.14
35 0.22047 9.17 0.39                     
36 0.22030 15.73 0.08                     
37 0.22020 13.46 0.11
37 0.22020 16.75 0.07
37 0.22020 14.01 0.10 
38 0.22011 9.37 0.36                     
39 0.21612 11.50 0.5
40 0.21447 10.18 0.27
41 0.21300 13.77 0.11                     
42 0.20970 13.92 0.11
43 0.20567 8.77 0.48                     
43 0.20567 14.44 0.10
44 0.20553 6.59 0.64                     
45 0.20460 9.29 0.39                     
46 0.20203 8.66 0.50                     
47 0.20140 18.69 0.07                     
48 0.20137 22.92 0.05 
49 0.20065 4.43 0.89
49 0.20065 9.52 0.5
49 0.20065 11.24 0.18
50 0.19821 10.22 0.28
51 0.19809 10.95 0.20
52 0.19596 4.21 0.92
52 0.19596 6.01 0.70
53 0.19540 0.77 1.71
54 0.19120 14.06 0.11 
54 0.19120 14.92 0.10
55 0.19077 11.31 0.19 
56 0.18792 12.22 0.15
58 0.18726 10.79 0.24                     
59 0.18472 8.46 0.53
60 0.18052 11.04 0.20
60 0.18052 12.43 0.5
61 0.17811 10.02 0.34
62 0.17650 18.27 0.07
63 0.17599 7.95 0.57
64 0.17503 11.50 0.19                     
66 0.17379 4.67 0.89
67 0.17377 8.14 0.56                     
68 0.17150 11.57 0.18
69 0.17110 10.76 0.26                     
70 0.17096 9.10 0.50
70 0.17096 17.45 0.07
71 0.17062 5.64 0.78                     
71 0.17062 8.30 0.55
71 0.17062 9.96 0.36
72 0.16917 12.23 0.16
73 0.16852 9.31 0.46                     
74 0.16835 11.60 0.18                     
74 0.16835 14.02 0.11
75 0.16823 3.46 1.11
75 0.16823 7.21 0.60
76 0.16812 5.07 0.85
76 0.16812 5.08 0.85
76 0.16812 6.32 0.71
77 0.16802 8.98 0.51                     
78 0.16719 11.19 0.20
79 0.16626 5.31 0.82                     
79 0.16626 11.50 0.19
80 0.16547 4.26 0.97
81 0.16470 14.22 0.5
82 0.16373 7.64 0.60                     
82 0.16373 7.70 0.60
83 0.16371 3.55 1.10
84 0.16341 12.05 0.17
84 0.16341 12.45 0.16
86 0.16135 7.95 0.58                     
87 0.16078 11.32 0.20
88 0.15988 10.27 0.33
88 0.15988 12.21 0.16
89 0.15780 10.57 0.30
90 0.15687 16.10 0.09
91 0.15678 12.75 0.15
92 0.15632 9.93 0.39                     
92 0.15632 10.35 0.33
93 0.15605 14.47 0.5
94 0.15600 14.76 0.10                     
95 0.15496 9.72 0.42 
95 0.15496 10.37 0.33
95 0.15496 10.87 0.27
95 0.15496 16.78 0.08
95 0.15496 11.80 0.18 
96 0.15314 10.10 0.37                     
97 0.15305 12.74 0.15
98 0.15290 13.80 0.12
99 0.15284 5.57 0.81                     
100 0.15249 17.05 0.08                     
101 0.14932 10.02 0.39
102 0.14901 11.05 0.26
102 0.14901 11.05 0.26
103 0.14766 11.94 0.18
103 0.14766 12.14 0.17
103 0.14766 12.28 0.17
104 0.14757 4.67 0.94
104 0.14757 6.94 0.67
105 0.14715 11.65 0.20
106 0.14637 8.65 0.55 
107 0.14630 12.82 0.15
108 0.14381 11.22 0.25
108 0.14381 11.79 0.19
108 0.14381 12.65 0.16
109 0.16990 12.07 0.17
110 0.16177 10.49 0.30      
110 0.16177 11.75 0.18 
110 0.16177 12.75 0.15         


