1 0.11 1.300644 11.05 9344.6800368491 1347.4834406658
2 0.16 1.833147 9.57 5164.6472981723 721.4698944576
6 0.11 2.675943 12.61 4541.9872924114 512.4940783539
8 0.12 3.160856 12.29 3628.4883877546 465.5928667881
6 0.10 2.675943 13.06 4839.9518181591 465.5137396821
3 0.09 2.386065 13.53 5822.9169361361 444.6572021725
7 0.17 2.965423 10.44 3066.1870862432 440.4223556123
21 0.13 3.716367 12.10 2925.7493993477 412.6649996881
11 0.16 3.354129 11.16 2822.6575965190 395.8860321404
16 0.16 3.573088 11.06 2649.6853207815 369.0469727528
12 0.11 3.454231 13.03 3518.6120448304 363.2523624703
20 0.11 3.676335 13.09 3306.0368301012 351.9909831651
28 0.16 4.031283 11.41 2348.5223163363 334.4854993574
34 0.14 4.448399 12.31 2326.4598230054 325.2711203169
29 0.17 4.090983 11.18 2222.5810193977 308.6554943550
12 0.11 3.454231 13.27 3518.6120448304 300.8998242957
15 0.26 3.523236 9.69 1944.1391187640 275.5942477566
4 0.46 2.542912 7.47 1841.3999085410 260.5686041033
56 0.15 5.321413 12.22 1857.3629214292 253.6680175155
22 0.26 3.756151 9.85 1823.5850952631 253.2521900727
33 0.12 4.387889 13.24 2613.8145322542 249.8712111288
49 0.18 4.983803 11.24 1756.2059103772 247.3016881335
33 0.12 4.387889 13.25 2613.8145322542 230.9675526109
55 0.19 5.241914 11.31 1610.6170274310 230.8187596628
51 0.20 5.048210 10.95 1616.1952596048 229.8014004070
28 0.28 4.031283 9.79 1617.2208265603 229.4368739375
30 0.26 4.266576 10.10 1605.4234106891 229.0300014022
37 0.11 4.541326 13.46 2676.3328921300 228.1474174735
41 0.11 4.694836 13.77 2588.8233697716 224.5227679718
15 0.35 3.523236 8.90 1594.6457070411 221.8228864641
109 0.17 5.885815 12.07 1544.8229225809 216.7235871012
68 0.18 5.830904 11.57 1501.0680968338 212.3229749103
84 0.17 6.119577 12.05 1485.8123235959 211.2354118796
72 0.16 5.911214 12.23 1601.6267042434 210.5517682944
74 0.18 5.940006 11.60 1473.4974583205 210.1557182395
60 0.20 5.539552 11.04 1472.8434967129 209.5092704033
64 0.19 5.713306 11.50 1477.7286696611 204.7824222842
40 0.27 4.662657 10.18 1432.5462410274 204.4194816857
110 0.18 6.181616 11.75 1415.9054578706 203.4212573837
88 0.16 6.254691 12.21 1513.6730949603 202.0442510320
79 0.19 6.014676 11.50 1403.6860459227 201.9562798987
42 0.11 4.768717 13.92 2548.7148386906 196.7669832869
58 0.24 5.340169 10.79 1352.9719670521 194.6407293753
78 0.20 5.981219 11.19 1364.0854432497 194.0328907246
95 0.18 6.453278 11.80 1356.3003631800 192.7663023604
84 0.16 6.119577 12.45 1547.0935729764 191.5224889974
25 0.39 3.911292 8.85 1336.4559242910 188.0110443458
87 0.20 6.219679 11.32 1311.7869344200 186.6341480174
103 0.17 6.772315 12.14 1342.6047836862 185.8177748155
107 0.15 6.835270 12.82 1445.9993369790 185.4680830911
103 0.18 6.772315 11.94 1292.4065024984 183.3305806635
10 0.53 3.277829 7.34 1299.8136649225 180.0409982133
37 0.10 4.541326 14.01 2851.9063161858 179.6510285142
50 0.28 5.045154 10.22 1292.2250263344 179.0726690667
16 0.49 3.573088 8.08 1256.4452481460 177.6688169188
14 0.50 3.506680 10.70 1263.1117441577 176.3465362954
29 0.10 4.090983 14.26 3165.8491368232 174.8573327254
108 0.19 6.953619 11.79 1214.1470604123 174.6442861549
103 0.17 6.772315 12.28 1342.6047836862 173.3541801533
110 0.15 6.181616 12.75 1598.9016592146 170.7779586995
105 0.20 6.795787 11.65 1200.5812128368 169.0275331276
38 0.36 4.543183 9.37 1213.6385987114 168.4296004351
69 0.26 5.844535 10.76 1171.9768989202 168.2816986124
12 0.08 3.454231 15.07 4350.8407131498 167.9555425175
91 0.15 6.378365 12.75 1549.5815177824 166.5706533963
18 0.09 3.625816 14.90 3831.9267262857 166.1893652088
35 0.39 4.535765 9.17 1152.4560473597 164.3855633414
97 0.15 6.533812 12.74 1512.7149591568 161.8261044257
108 0.16 6.953619 12.65 1361.5294457483 151.1533000910
5 1.00 2.631440 8.44 1060.3707207250 150.4802837298
45 0.39 4.887586 9.29 1069.4992846636 150.3866628905
95 0.27 6.453278 10.87 1035.0508952749 146.8924136895
61 0.34 5.614508 10.02 1020.2038685626 145.9785686272
32 0.48 4.341785 8.54 1048.3076796783 145.8745314357
108 0.25 6.953619 11.22 1011.1455795233 145.2205692683
102 0.26 6.710959 11.05 1020.6679001058 145.1453761260
24 0.08 3.854902 15.14 3898.6237975757 144.7265082909
31 0.50 4.297379 12.40 1030.7048527738 143.6333319352
102 0.26 6.710959 11.05 1020.6679001058 143.1347738717
26 0.60 3.945707 6.67 994.0897596628 142.0633695407
110 0.30 6.181616 10.49 1007.2449285781 141.7347113198
43 0.10 4.862158 14.44 2663.7219439143 141.0579301339
54 0.11 5.230126 14.06 2323.8639826306 140.3806097945
89 0.30 6.337136 10.57 982.5261156557 136.7731513687
71 0.36 5.860978 9.96 940.7615179326 134.0307580466
74 0.11 5.940006 14.02 2046.1427901457 133.8050417615
39 0.50 4.627059 11.50 957.2665783475 133.3249239504
88 0.33 6.254691 10.27 934.1919488226 132.3053457099
92 0.33 6.397134 10.35 913.3905769324 131.7362639049
43 0.48 4.862158 8.77 936.1125411577 130.2878664646
95 0.33 6.453278 10.37 905.4439854238 128.8924669424
46 0.50 4.949760 8.66 894.8573330721 127.0129493614
98 0.12 6.540222 13.80 1753.6298463434 124.9382365813
49 0.50 4.983803 9.52 888.7448590849 123.5199621484
96 0.37 6.529973 10.10 829.0971719778 118.1968886968
92 0.39 6.397134 9.93 817.1267261907 114.5692592189
73 0.46 5.934014 9.31 789.0978069608 112.4806026190
101 0.39 6.697027 10.02 780.5358415737 112.2347200023
60 0.50 5.539552 12.43 799.5824667930 111.0783156697
59 0.53 5.413599 8.46 787.0118663448 110.7056821123
94 0.10 6.410256 14.76 2020.4240932107 109.6349262838
95 0.42 6.453278 9.72 770.9709623120 108.5385338981
70 0.50 5.849321 9.10 757.2380817800 105.8054235132
77 0.51 5.951672 8.98 734.4554706321 104.9063515665
54 0.10 5.230126 14.92 2476.3146578325 104.5651102417
63 0.57 5.682141 7.95 714.3143276431 100.7970061240
67 0.56 5.754733 8.14 713.6753940753 99.4022641530
71 0.55 5.860978 8.30 709.2065724460 98.9006514083
36 0.08 4.539265 15.73 3310.8470090048 93.7637063552
75 0.60 5.944243 7.21 659.8631639365 92.7728716288
82 0.60 6.107616 7.70 642.2124224652 90.8500986750
82 0.60 6.107616 7.64 642.2124224652 90.1834510144
86 0.58 6.197707 7.95 647.3436831047 89.5835496373
106 0.55 6.832001 8.65 608.4079592599 86.3699273864
76 0.71 5.948132 6.32 589.4293481624 84.7020324585
104 0.67 6.776445 6.94 537.7736052193 74.6609865278
23 0.07 3.853565 17.40 4263.0779711697 70.1840130519
37 0.07 4.541326 16.75 3617.4557581948 69.6003669451
27 0.07 4.023659 17.39 4082.8623051052 68.6941105420
90 0.09 6.374705 16.10 2179.5298968544 52.3176942363
95 0.08 6.453278 16.78 2328.8645143685 43.7458596871
81 0.50 6.071645 14.22 729.5104823886 41.9995150092
93 0.50 6.408202 14.47 691.1967867441 38.7879057776
100 0.08 6.557807 17.05 2291.7433518073 37.1923531660
70 0.07 5.849321 17.45 2808.5387666712 35.2192766855
47 0.07 4.965243 18.69 3308.6084909193 30.2168885211
62 0.07 5.665722 18.27 2899.5501422406 24.5692329291
