1 0.11 1.300644 11.05 6647.6059711341 943.9272311109
2 0.16 1.833147 9.57 3674.0198789844 521.7148050942
3 0.09 2.386065 13.53 4142.2988525489 375.9815012078
6 0.11 2.675943 12.61 3231.0728378914 364.7156160428
8 0.12 3.160856 12.29 2581.2292103648 358.5583604025
6 0.10 2.675943 13.06 3443.0384432129 357.8430965459
7 0.17 2.965423 10.44 2181.2200634745 302.6054888731
21 0.13 3.716367 12.10 2081.3156898312 290.7519708727
20 0.11 3.676335 13.09 2351.8440530769 286.9388261221
11 0.16 3.354129 11.16 2007.9783811853 283.8861532465
16 0.16 3.573088 11.06 1884.9295952986 268.7560511931
12 0.11 3.454231 13.27 2503.0655246710 237.8648310923
12 0.11 3.454231 13.03 2503.0655246710 237.1539931324
28 0.16 4.031283 11.41 1670.6886604844 235.6628421246
29 0.17 4.090983 11.18 1581.0967093165 226.2155047741
34 0.14 4.448399 12.31 1654.9938735226 223.1369190451
33 0.12 4.387889 13.25 1859.4118817908 201.9162263219
15 0.26 3.523236 9.69 1383.0190829058 196.4110508775
4 0.46 2.542912 7.47 1309.9326011156 186.1086746750
22 0.26 3.756151 9.85 1297.2595231019 181.8247554511
56 0.15 5.321413 12.22 1321.2883478479 174.1631090821
49 0.18 4.983803 11.24 1249.3274087853 173.2971740088
37 0.11 4.541326 13.46 1903.8861089208 172.6158936851
28 0.28 4.031283 9.79 1150.4563859748 164.1038148139
55 0.19 5.241914 11.31 1145.7585841934 161.4837069931
33 0.12 4.387889 13.24 1859.4118817908 161.4633038219
15 0.35 3.523236 8.90 1134.3969276817 161.0739275132
51 0.20 5.048210 10.95 1149.7268195274 160.6079291879
30 0.26 4.266576 10.10 1142.0639560704 160.1867713006
68 0.18 5.830904 11.57 1067.8278126423 153.7957309861
109 0.17 5.885815 12.07 1098.9540619901 152.3282315634
84 0.17 6.119577 12.05 1056.9751811054 150.8070948589
72 0.16 5.911214 12.23 1139.3630601232 150.4443391328
60 0.20 5.539552 11.04 1047.7494344040 149.4499855790
37 0.10 4.541326 14.01 2028.7852962148 148.8804626646
64 0.19 5.713306 11.50 1051.2246421941 147.7813280179
74 0.18 5.940006 11.60 1048.2146487367 147.6274785541
40 0.27 4.662657 10.18 1019.0828266166 145.5810900899
110 0.18 6.181616 11.75 1007.2449285781 145.3277043010
91 0.15 6.378365 12.75 1102.3392250724 142.9789014914
88 0.16 6.254691 12.21 1076.7947393302 142.9212068615
79 0.19 6.014676 11.50 998.5522996697 142.5463741630
84 0.16 6.119577 12.45 1100.5693542279 141.3735975215
78 0.20 5.981219 11.19 970.3812759694 138.6171873646
95 0.18 6.453278 11.80 964.8431361344 135.8171141192
25 0.39 3.911292 8.85 950.7262257714 135.0964158452
58 0.24 5.340169 10.79 962.4753861541 134.7151996396
103 0.17 6.772315 12.14 955.1003931340 133.9393587511
87 0.20 6.219679 11.32 933.1772327912 133.0639351605
50 0.28 5.045154 10.22 919.2613088127 132.4743171963
103 0.18 6.772315 11.94 919.3904070832 131.1452878476
42 0.11 4.768717 13.92 1813.1013489586 130.7355598719
10 0.53 3.277829 7.34 924.6597043695 130.4519908178
41 0.11 4.694836 13.77 1841.6337020896 130.1121889729
29 0.10 4.090983 14.26 2252.1175195584 125.1781651508
12 0.08 3.454231 15.07 3095.0952403010 124.9624952040
103 0.17 6.772315 12.28 955.1003931340 124.9070342773
16 0.49 3.573088 8.08 893.8083381178 124.6708718415
14 0.50 3.506680 10.70 898.5507411234 124.4243233312
110 0.15 6.181616 12.75 1137.4245212397 122.5218811878
38 0.36 4.543183 9.37 863.3566011655 121.4697401808
105 0.20 6.795787 11.65 854.0678554872 120.4226800217
108 0.19 6.953619 11.79 863.7183099693 119.7990529164
97 0.15 6.533812 12.74 1076.1131419653 117.6528918737
35 0.39 4.535765 9.17 819.8326397145 117.3746297729
69 0.26 5.844535 10.76 833.7193569572 117.3646784949
18 0.09 3.625816 14.90 2725.9509032044 116.0334650121
107 0.15 6.835270 12.82 1028.6530719995 109.3677421093
5 1.00 2.631440 8.44 754.3251033648 108.4783859410
108 0.16 6.953619 12.65 968.5629938896 107.8419088172
32 0.48 4.341785 8.54 745.7437133787 106.3396639543
24 0.08 3.854902 15.14 2773.3977764646 106.2598999369
45 0.39 4.887586 9.29 760.8189689554 105.8546568588
95 0.27 6.453278 10.87 736.3131198419 105.2845743342
61 0.34 5.614508 10.02 725.7512618610 104.6907691218
102 0.26 6.710959 11.05 726.0813639988 104.6740972835
102 0.26 6.710959 11.05 726.0813639988 104.5046726553
110 0.30 6.181616 10.49 716.5325484882 103.0601646062
74 0.11 5.940006 14.02 1455.5823180600 101.1278983128
54 0.11 5.230126 14.06 1653.1472480729 100.8464242342
89 0.30 6.337136 10.57 698.9481124525 100.6504118600
43 0.10 4.862158 14.44 1894.9149494664 100.3175255710
108 0.25 6.953619 11.22 719.3073883342 100.0019007163
26 0.60 3.945707 6.67 707.1742420413 99.1816770949
39 0.50 4.627059 11.50 680.9790166273 97.4221005436
71 0.36 5.860978 9.96 669.2376688513 94.3586841008
43 0.48 4.862158 8.77 665.9304859786 93.7738698085
31 0.50 4.297379 12.40 733.2214379473 93.6435563834
88 0.33 6.254691 10.27 664.5642175751 93.5393389738
46 0.50 4.949760 8.66 636.5824112956 91.7312660933
95 0.33 6.453278 10.37 644.1135298689 91.3460116078
92 0.33 6.397134 10.35 649.7665654950 90.1613143492
49 0.50 4.983803 9.52 632.2341277358 89.6522298886
98 0.12 6.540222 13.80 1247.4948518026 84.6033306609
96 0.37 6.529973 10.10 589.8020359559 83.2011755232
92 0.39 6.397134 9.93 581.2865162615 80.4183530619
59 0.53 5.413599 8.46 559.8634475912 79.7889670574
73 0.46 5.934014 9.31 561.3473412333 78.6064188594
101 0.39 6.697027 10.02 555.2565417616 78.1317020495
70 0.50 5.849321 9.10 538.6830125976 77.7043784717
44 0.64 4.865470 6.59 549.3393132462 76.3841152738
95 0.42 6.453278 9.72 548.4522907607 75.9646843910
77 0.51 5.951672 8.98 522.4759491875 73.6215568561
94 0.10 6.410256 14.76 1437.2865858743 73.5115467174
54 0.10 5.230126 14.92 1761.5974052510 72.5398709511
63 0.57 5.682141 7.95 508.1479698590 71.9578585665
67 0.56 5.754733 8.14 507.6934461531 71.1925930269
71 0.55 5.860978 8.30 504.5144218067 70.0889663041
60 0.50 5.539552 12.43 568.8059045047 69.6376496569
36 0.08 4.539265 15.73 2355.2659117040 66.9793907267
75 0.60 5.944243 7.21 469.4125739371 66.4092400868
82 0.60 6.107616 7.70 456.8562131054 63.9470669002
86 0.58 6.197707 7.95 460.5064824278 63.8634604806
82 0.60 6.107616 7.64 456.8562131054 63.8103889783
106 0.55 6.832001 8.65 432.8084393380 62.2166964601
76 0.71 5.948132 6.32 419.3074603897 58.8322006692
104 0.67 6.776445 6.94 382.5606671472 54.0403064502
27 0.07 4.023659 17.39 2904.4611192367 52.0444807226
37 0.07 4.541326 16.75 2573.3808331224 47.4798170101
23 0.07 3.853565 17.40 3032.6626984345 39.0630571763
90 0.09 6.374705 16.10 1550.4710594115 38.7829077005
100 0.08 6.557807 17.05 1630.2973167306 33.4214869500
95 0.08 6.453278 16.78 1656.7045196444 29.7879409995
81 0.50 6.071645 14.22 518.9581900727 29.1859272803
70 0.07 5.849321 17.45 1997.9345469147 28.0013570643
93 0.50 6.408202 14.47 491.7026445710 26.6299052755
62 0.07 5.665722 18.27 2062.6780973938 21.4836501992
47 0.07 4.965243 18.69 2353.6734777060 18.4330689632
