1 0.11 1.300644 11.05 3195.8356184804 453.0362451840
2 0.16 1.833147 9.57 1766.2845305887 246.6160843655
6 0.11 2.675943 12.61 1553.3378040269 175.2742320104
3 0.09 2.386065 13.53 1991.4095800578 170.0773212291
8 0.12 3.160856 12.29 1240.9255731712 160.9774712254
6 0.10 2.675943 13.06 1655.2402384252 156.2812543640
7 0.17 2.965423 10.44 1048.6212330973 150.3916613684
21 0.13 3.716367 12.10 1000.5922197777 138.4091350888
11 0.16 3.354129 11.16 965.3353191504 137.7080301123
12 0.11 3.454231 13.03 1203.3483924694 135.8491261953
16 0.16 3.573088 11.06 906.1796329597 128.2582569763
28 0.16 4.031283 11.41 803.1833342337 111.4704727092
29 0.17 4.090983 11.18 760.1120165421 108.6533058475
34 0.14 4.448399 12.31 795.6380676498 105.6495296094
12 0.11 3.454231 13.27 1203.3483924694 105.2995836403
20 0.11 3.676335 13.09 1130.6486916601 104.9362176412
15 0.26 3.523236 9.69 664.8862260159 92.6896593285
4 0.46 2.542912 7.47 629.7499103636 88.4292889155
22 0.26 3.756151 9.85 623.6573299236 88.0047655293
49 0.18 4.983803 11.24 600.6139728313 85.3060416625
56 0.15 5.321413 12.22 635.2091839786 84.0367974881
33 0.12 4.387889 13.24 893.9119958457 80.8436269272
33 0.12 4.387889 13.25 893.9119958457 80.1542150763
51 0.20 5.048210 10.95 552.7310038114 78.6890066608
30 0.26 4.266576 10.10 549.0470833020 78.4606857314
55 0.19 5.241914 11.31 550.8232752430 77.9464181565
28 0.28 4.031283 9.79 553.0817427765 76.8097155817
15 0.35 3.523236 8.90 545.3611605023 75.6136066913
72 0.16 5.911214 12.23 547.7486279623 74.8471470594
109 0.17 5.885815 12.07 528.3220078976 73.8124184341
60 0.20 5.539552 11.04 503.7053905197 72.4092006625
64 0.19 5.713306 11.50 505.3760961670 72.2299920400
37 0.11 4.541326 13.46 915.2929741684 72.0675130745
68 0.18 5.830904 11.57 513.3580679819 71.9113662105
84 0.17 6.119577 12.05 508.1406669250 71.8967182589
74 0.18 5.940006 11.60 503.9290422435 71.2735011319
40 0.27 4.662657 10.18 489.9239229318 69.3562398078
88 0.16 6.254691 12.21 517.6689167028 68.6623047329
110 0.18 6.181616 11.75 484.2328551454 68.4501903530
91 0.15 6.378365 12.75 529.9494245645 68.3101580213
79 0.19 6.014676 11.50 480.0538750427 67.6256502550
78 0.20 5.981219 11.19 466.5106594338 66.9510131529
41 0.11 4.694836 13.77 885.3651385008 65.3858483940
58 0.24 5.340169 10.79 462.7099040374 64.9250036193
95 0.18 6.453278 11.80 463.8481995013 64.7705663280
25 0.39 3.911292 8.85 457.0614968662 64.5831907831
10 0.53 3.277829 7.34 444.5300204358 64.1118567242
84 0.16 6.119577 12.45 529.0985594095 63.9309385777
37 0.10 4.541326 14.01 975.3382405706 63.3226386097
87 0.20 6.219679 11.32 448.6248210046 62.8419598743
103 0.17 6.772315 12.14 459.1643771993 62.4569174951
29 0.10 4.090983 14.26 1082.7051749550 62.2166265780
16 0.49 3.573088 8.08 429.6982305292 61.9968622017
110 0.15 6.181616 12.75 546.8166756717 61.9816162803
103 0.18 6.772315 11.94 441.9968065202 61.6880643767
50 0.28 5.045154 10.22 441.9347425451 61.1710494307
14 0.50 3.506680 10.70 431.9781400949 60.8207208100
103 0.17 6.772315 12.28 459.1643771993 60.7455233792
105 0.20 6.795787 11.65 410.5929991966 58.4871318691
108 0.19 6.953619 11.79 415.2324538066 58.1378282300
54 0.11 5.230126 14.06 794.7503027293 57.8022259946
38 0.36 4.543183 9.37 415.0585623510 57.6499360060
12 0.08 3.454231 15.07 1487.9665934616 57.6059180623
42 0.11 4.768717 13.92 871.6482138198 56.9298180516
69 0.26 5.844535 10.76 400.8104614429 56.6006950236
97 0.15 6.533812 12.74 517.3412388672 56.1932753814
18 0.09 3.625816 14.90 1310.5005062752 55.8329880425
35 0.39 4.535765 9.17 394.1344241174 55.0506985059
107 0.15 6.835270 12.82 494.5248170289 52.5003332745
108 0.16 6.953619 12.65 465.6365205843 51.8902825606
32 0.48 4.341785 8.54 358.5161833933 51.2340715659
45 0.39 4.887586 9.29 365.7636103525 50.8575680341
95 0.27 6.453278 10.87 353.9824269013 50.8233499138
5 1.00 2.631440 8.44 362.6416854000 50.6361755561
61 0.34 5.614508 10.02 348.9048151897 49.8336377692
110 0.30 6.181616 10.49 344.4729200561 49.6813229440
24 0.08 3.854902 15.14 1333.3105837992 49.4708249591
102 0.26 6.710959 11.05 349.0635117452 49.4459490889
102 0.26 6.710959 11.05 349.0635117452 49.4174522304
108 0.25 6.953619 11.22 345.8069239146 48.8266645317
26 0.60 3.945707 6.67 339.9739155722 48.7792484931
89 0.30 6.337136 10.57 336.0192049506 47.9648425509
43 0.10 4.862158 14.44 910.9800905457 46.7184750235
71 0.36 5.860978 9.96 321.7359134448 46.2097941535
88 0.33 6.254691 10.27 319.4891524131 45.5171004516
39 0.50 4.627059 11.50 327.3805647063 45.3522788282
43 0.48 4.862158 8.77 320.1459857524 44.6033011433
92 0.33 6.397134 10.35 312.3751832951 44.4381504298
95 0.33 6.453278 10.37 309.6574872275 43.7605240495
31 0.50 4.297379 12.40 352.4961012732 43.7129701779
49 0.50 4.983803 9.52 303.9464663535 43.6823721332
74 0.11 5.940006 14.02 699.7709909230 43.5642858221
46 0.50 4.949760 8.66 306.0369030521 43.0161108548
98 0.12 6.540222 13.80 599.7329713243 41.1212450298
96 0.37 6.529973 10.10 283.5472443079 40.3444437503
92 0.39 6.397134 9.93 279.4534094346 40.2599455499
94 0.10 6.410256 14.76 690.9753202953 38.6513724088
44 0.64 4.865470 6.59 264.0947961608 37.8757518410
59 0.53 5.413599 8.46 269.1542722398 37.6867954217
101 0.39 6.697027 10.02 266.9395029220 37.5808888850
73 0.46 5.934014 9.31 269.8676538957 37.3458710874
95 0.42 6.453278 9.72 263.6683602279 37.0860636134
54 0.10 5.230126 14.92 846.8877002593 37.0109166328
70 0.50 5.849321 9.10 258.9717811503 36.0611617023
77 0.51 5.951672 8.98 251.1802377372 35.0286574306
63 0.57 5.682141 7.95 244.2920637273 34.8345482637
67 0.56 5.754733 8.14 244.0735515208 34.0933995048
71 0.55 5.860978 8.30 242.5452360215 33.5677914318
60 0.50 5.539552 12.43 273.4533571201 33.2587400561
36 0.08 4.539265 15.73 1132.2937497049 31.9911049771
75 0.60 5.944243 7.21 225.6700276859 31.7447031857
82 0.60 6.107616 7.70 219.6335590145 31.6188318391
86 0.58 6.197707 7.95 221.3884254684 31.4916066066
82 0.60 6.107616 7.64 219.6335590145 30.4264855353
106 0.55 6.832001 8.65 208.0725952202 29.3628520718
104 0.67 6.776445 6.94 183.9159859365 25.8462161307
37 0.07 4.541326 16.75 1237.1524669361 22.4528219412
90 0.09 6.374705 16.10 745.3887397367 20.7097870500
23 0.07 3.853565 17.40 1457.9521579015 18.9826067796
27 0.07 4.023659 17.39 1396.3192670646 18.5334442048
81 0.50 6.071645 14.22 249.4890755466 14.2310580349
95 0.08 6.453278 16.78 796.4604605278 13.8960262150
100 0.08 6.557807 17.05 783.7652015093 12.2041354930
70 0.07 5.849321 17.45 960.5067472633 12.1411065164
93 0.50 6.408202 14.47 236.3859759505 11.8859883594
62 0.07 5.665722 18.27 991.6321998829 9.7414260889
47 0.07 4.965243 18.69 1131.5281872885 7.5282253275
